     0/199     5.16G   0.09301    0.1577   0.02258    0.2733       109       640    0.2385    0.3814    0.2637    0.1406   0.09336    0.2444   0.03192
     1/199     5.22G   0.09339    0.1571   0.02272    0.2732       216       640    0.2438    0.3683    0.2539    0.1312   0.09415    0.2475   0.03254
     2/199     5.22G   0.09549    0.1619   0.02355    0.2809        90       640    0.2333    0.3614    0.2433    0.1226   0.09495    0.2479   0.03288
     3/199     5.22G   0.09692    0.1688   0.02485    0.2906       245       640    0.2428    0.3357    0.2329    0.1113   0.09598    0.2497   0.03385
     4/199     5.22G   0.09625    0.1677   0.02511    0.2891        81       640    0.2398    0.3464     0.243    0.1227   0.09493    0.2463   0.03273
     5/199     5.22G   0.09628    0.1667   0.02517    0.2881       146       640    0.2332    0.3534     0.239    0.1203   0.09514    0.2467   0.03336
     6/199     5.22G   0.09643    0.1692   0.02514    0.2908       115       640    0.2405      0.35    0.2426    0.1213   0.09487    0.2444   0.03267
     7/199     5.22G   0.09589    0.1658   0.02523    0.2869       218       640    0.2491    0.3488    0.2393    0.1214   0.09488    0.2458   0.03305
     8/199     5.22G   0.09644    0.1672   0.02494    0.2886        31       640    0.2333    0.3616    0.2445    0.1255   0.09492     0.246   0.03272
     9/199     5.22G   0.09598    0.1675   0.02495    0.2884       148       640    0.2429    0.3501    0.2474    0.1257   0.09457    0.2451   0.03257
    10/199     5.22G   0.09628     0.166   0.02486    0.2871       237       640    0.2359    0.3321    0.2335    0.1174   0.09509    0.2481   0.03313
    11/199     5.22G   0.09589    0.1668   0.02488    0.2876        65       640    0.2434    0.3586    0.2497    0.1269   0.09457    0.2446   0.03247
    12/199     5.22G   0.09623    0.1662   0.02495    0.2874       354       640    0.2334    0.3561    0.2432    0.1224   0.09467    0.2443   0.03242
    13/199     5.22G   0.09578    0.1648   0.02493    0.2855        86       640    0.2495    0.3411    0.2392    0.1215   0.09466    0.2445    0.0327
    14/199     5.22G   0.09653    0.1674   0.02488    0.2888       215       640     0.246     0.348    0.2439    0.1233   0.09456    0.2444   0.03253
    15/199     5.22G   0.09652    0.1682   0.02482    0.2895       160       640    0.2357     0.366    0.2422    0.1242   0.09453    0.2443   0.03246
    16/199     5.22G   0.09572    0.1657   0.02472    0.2861       113       640    0.2609    0.3422    0.2441    0.1245   0.09479    0.2467    0.0326
    17/199     5.22G   0.09548    0.1639   0.02465     0.284        66       640    0.2437    0.3538     0.249    0.1264   0.09455    0.2452    0.0326
    18/199     5.22G   0.09611    0.1663   0.02482    0.2872       176       640    0.2521    0.3391     0.239    0.1226   0.09453    0.2455   0.03285
    19/199     5.22G   0.09559    0.1671   0.02465    0.2873       126       640    0.2408    0.3589    0.2496    0.1259   0.09436    0.2451   0.03235
    20/199     5.22G    0.0957    0.1641   0.02472    0.2846       240       640    0.2543    0.3392    0.2459    0.1249   0.09452    0.2438   0.03257
    21/199     5.22G   0.09563    0.1637   0.02462    0.2839        63       640    0.2394    0.3613    0.2444    0.1254    0.0943    0.2436   0.03262
    22/199     5.22G   0.09588    0.1652   0.02456    0.2856       302       640    0.2438    0.3515    0.2459    0.1263   0.09454     0.245   0.03258
    23/199     5.22G   0.09512    0.1633   0.02454     0.283       129       640    0.2428    0.3671    0.2534    0.1291   0.09435    0.2441   0.03205
    24/199     5.22G   0.09572    0.1655   0.02456    0.2858       162       640    0.2418    0.3696    0.2537    0.1314   0.09428    0.2439    0.0322
    25/199     5.22G   0.09556     0.165   0.02449    0.2851        44       640    0.2472     0.351    0.2486    0.1273   0.09422    0.2421   0.03237
    26/199     5.22G   0.09502    0.1631    0.0244    0.2825       120       640    0.2496    0.3529    0.2491    0.1278   0.09426     0.243   0.03221
    27/199     5.22G   0.09524    0.1654   0.02438     0.285       100       640    0.2422    0.3606    0.2495     0.129   0.09433    0.2439   0.03245
    28/199     5.22G   0.09548    0.1646   0.02466    0.2847       129       640    0.2564    0.3552    0.2512    0.1303   0.09436    0.2438   0.03276
    29/199     5.22G   0.09554    0.1651   0.02453    0.2852       129       640    0.2459    0.3532    0.2478    0.1278   0.09421    0.2431   0.03237
    30/199     5.22G   0.09539    0.1631   0.02444    0.2829        59       640     0.231    0.3663    0.2491    0.1298   0.09427    0.2434   0.03224
    31/199     5.22G   0.09495    0.1614   0.02439    0.2807        45       640    0.2436    0.3587    0.2511    0.1289   0.09408    0.2432   0.03239
    32/199     5.22G   0.09525    0.1636   0.02439    0.2833       135       640    0.2517    0.3569    0.2506    0.1287   0.09419    0.2448   0.03226
    33/199     5.22G   0.09503    0.1631   0.02429    0.2824        73       640    0.2507    0.3506    0.2488    0.1278   0.09409    0.2435   0.03254
    34/199     5.22G   0.09544    0.1634   0.02432    0.2832        77       640    0.2434    0.3633    0.2538    0.1312   0.09396    0.2431   0.03223
    35/199     5.22G   0.09542    0.1646   0.02437    0.2844       266       640    0.2369    0.3659    0.2572    0.1337   0.09413    0.2428   0.03215
    36/199     5.22G   0.09533     0.162   0.02451    0.2818        19       640    0.2579    0.3498    0.2505    0.1297    0.0941    0.2433    0.0324
    37/199     5.22G   0.09515    0.1639   0.02426    0.2833        36       640    0.2386    0.3649    0.2497    0.1288   0.09399    0.2429   0.03224
    38/199     5.22G   0.09544     0.165    0.0243    0.2847       158       640    0.2467    0.3542    0.2477    0.1291   0.09397    0.2437   0.03241
    39/199     5.22G   0.09525     0.164   0.02434    0.2836        47       640    0.2398    0.3678    0.2544    0.1323   0.09394    0.2429   0.03216
    40/199     5.22G   0.09524    0.1635   0.02413    0.2829       177       640     0.252    0.3616    0.2571    0.1331    0.0939    0.2432   0.03208
    41/199     5.22G   0.09498    0.1627   0.02413    0.2818        44       640    0.2463      0.37    0.2565    0.1325   0.09389    0.2432   0.03203
    42/199     5.22G   0.09513    0.1638   0.02416    0.2831       101       640    0.2454    0.3697    0.2548    0.1311   0.09392    0.2441   0.03233
    43/199     5.22G   0.09525    0.1627   0.02416    0.2821       194       640    0.2446    0.3719    0.2575     0.133   0.09395    0.2432    0.0323
    44/199     5.22G   0.09504    0.1641   0.02421    0.2833       156       640    0.2406    0.3686    0.2551    0.1318   0.09378    0.2432   0.03191
    45/199     5.22G   0.09532     0.163   0.02425    0.2826       161       640    0.2497    0.3668     0.254    0.1325   0.09377    0.2426   0.03211
    46/199     5.22G   0.09468    0.1617    0.0239    0.2803        91       640    0.2446    0.3665    0.2588    0.1358   0.09376    0.2432   0.03201
    47/199     5.22G   0.09498    0.1652   0.02397    0.2842        89       640    0.2537    0.3624    0.2539    0.1327   0.09375    0.2426   0.03212
    48/199     5.22G     0.095    0.1636   0.02416    0.2827       128       640    0.2455    0.3651    0.2578    0.1338   0.09374    0.2427   0.03199
    49/199     5.22G   0.09506    0.1628   0.02407    0.2819       142       640    0.2438    0.3635    0.2566    0.1335   0.09373    0.2427   0.03205
    50/199     5.22G   0.09504    0.1631   0.02395    0.2821        83       640    0.2436    0.3662    0.2563    0.1339   0.09379    0.2428   0.03201
    51/199     5.22G   0.09475    0.1628   0.02392    0.2814        86       640    0.2405    0.3679    0.2582    0.1343   0.09379    0.2425   0.03206
    52/199     5.22G   0.09492    0.1641   0.02405    0.2831        83       640    0.2528    0.3636    0.2563    0.1341   0.09373    0.2426   0.03204
    53/199     5.22G     0.095    0.1639   0.02402    0.2829        45       640    0.2488    0.3618    0.2572     0.134    0.0937    0.2424   0.03204
    54/199     5.22G   0.09493    0.1655   0.02387    0.2843       160       640    0.2494    0.3661    0.2603     0.136    0.0936    0.2427   0.03185
    55/199     5.22G    0.0954    0.1635   0.02404    0.2829       163       640    0.2468    0.3753    0.2577    0.1345   0.09359    0.2423   0.03205
    56/199     5.22G   0.09531    0.1643   0.02381    0.2834       145       640    0.2427    0.3695    0.2601    0.1359   0.09363    0.2426   0.03201
    57/199     5.22G   0.09505    0.1639    0.0239    0.2829        83       640    0.2557    0.3627    0.2578    0.1343   0.09369    0.2429   0.03203
    58/199     5.22G    0.0947    0.1643    0.0238    0.2828       250       640    0.2526    0.3654    0.2563    0.1344   0.09366    0.2422    0.0321
    59/199     5.22G   0.09518     0.163   0.02399    0.2822        59       640    0.2482    0.3641    0.2563    0.1342   0.09367    0.2426   0.03218
    60/199     5.22G   0.09486    0.1609   0.02386    0.2796        86       640    0.2462    0.3668    0.2599    0.1372   0.09365    0.2426   0.03202
    61/199     5.22G   0.09484    0.1634   0.02373     0.282       280       640    0.2478    0.3723    0.2626    0.1378   0.09356    0.2426   0.03199
    62/199     5.22G   0.09485    0.1624   0.02362    0.2808        79       640    0.2501    0.3614    0.2574    0.1358   0.09351     0.242   0.03204
    63/199     5.22G   0.09457    0.1626   0.02397    0.2811       377       640    0.2582    0.3697    0.2605    0.1377   0.09355    0.2425   0.03195
    64/199     5.22G   0.09485    0.1625   0.02385    0.2812       138       640    0.2494    0.3782    0.2628    0.1381   0.09346    0.2417   0.03197
    65/199     5.22G   0.09477    0.1644   0.02371    0.2829       185       640    0.2469    0.3661    0.2606     0.137   0.09351    0.2424   0.03197
    66/199     5.22G   0.09485    0.1614   0.02377    0.2801        72       640     0.248    0.3755    0.2607    0.1377   0.09346    0.2424   0.03204
    67/199     5.22G   0.09468    0.1619   0.02384    0.2804       151       640    0.2533    0.3738    0.2609    0.1375   0.09351    0.2422   0.03214
    68/199     5.22G   0.09444    0.1617   0.02364    0.2798        47       640    0.2495    0.3727    0.2598    0.1368   0.09343    0.2419   0.03208
    69/199     5.22G   0.09421    0.1614   0.02363    0.2792       103       640    0.2542    0.3712    0.2604    0.1373   0.09344    0.2423   0.03196
    70/199     5.22G   0.09431    0.1615   0.02353    0.2793        87       640    0.2614    0.3739    0.2614    0.1382   0.09343    0.2423   0.03211
    71/199     5.22G   0.09429     0.162   0.02353    0.2798        41       640    0.2482    0.3686    0.2584    0.1365   0.09342    0.2421   0.03218
    72/199     5.22G   0.09409     0.162   0.02349    0.2796       170       640    0.2482     0.367    0.2599    0.1375   0.09344    0.2427   0.03195
    73/199     5.22G   0.09447    0.1627   0.02366    0.2808       104       640    0.2472    0.3724    0.2619    0.1384   0.09334    0.2418   0.03186
    74/199     5.22G   0.09439    0.1614   0.02375    0.2796       168       640    0.2488    0.3736    0.2639    0.1396   0.09332    0.2419    0.0319
    75/199     5.22G   0.09443    0.1623   0.02352    0.2802       168       640    0.2482    0.3722    0.2633    0.1388   0.09332    0.2423   0.03191
    76/199     5.22G   0.09437    0.1626   0.02351    0.2805       127       640     0.248    0.3717    0.2645      0.14   0.09333    0.2418   0.03188
    77/199     5.22G   0.09395    0.1604   0.02343    0.2778       265       640    0.2536    0.3724    0.2643      0.14   0.09331    0.2421   0.03185
    78/199     5.22G   0.09404      0.16   0.02342    0.2774        91       640    0.2518    0.3741    0.2656    0.1407   0.09335    0.2424   0.03187
    79/199     5.22G   0.09424    0.1609    0.0235    0.2786       122       640    0.2543    0.3736    0.2653    0.1403   0.09336    0.2421   0.03186
    80/199     5.22G   0.09434    0.1623   0.02352    0.2802       106       640    0.2566     0.374    0.2634    0.1395   0.09331    0.2422   0.03186
    81/199     5.22G   0.09417    0.1604    0.0234     0.278       114       640    0.2539    0.3786    0.2653    0.1406   0.09326    0.2419   0.03177
    82/199     5.22G   0.09423    0.1638   0.02333    0.2814       179       640    0.2598    0.3787    0.2637    0.1392   0.09331    0.2425   0.03196
    83/199     5.22G   0.09441    0.1614   0.02338    0.2792       218       640    0.2595    0.3838    0.2643    0.1396   0.09329    0.2426   0.03192
    84/199     5.22G   0.09442    0.1643   0.02335     0.282        48       640    0.2514     0.377     0.263    0.1387   0.09331    0.2422   0.03184
    85/199     5.22G    0.0941    0.1626   0.02333      0.28        58       640    0.2452    0.3741    0.2659    0.1407   0.09326    0.2425   0.03175
    86/199     5.22G   0.09406    0.1615    0.0233    0.2788       146       640    0.2561    0.3805    0.2671    0.1414    0.0933    0.2427   0.03182
    87/199     5.22G   0.09396    0.1605   0.02324    0.2777       169       640    0.2523    0.3813    0.2659    0.1413   0.09327    0.2429   0.03179
    88/199     5.22G   0.09429    0.1621   0.02328    0.2796       201       640    0.2512    0.3829    0.2694    0.1432   0.09327     0.243    0.0318
    89/199     5.22G   0.09409    0.1607    0.0233    0.2781        82       640    0.2532    0.3815    0.2686    0.1418   0.09321    0.2425   0.03179
    90/199     5.22G   0.09438    0.1608   0.02336    0.2786       207       640    0.2557    0.3832    0.2682    0.1417   0.09318    0.2425    0.0318
    91/199     5.22G   0.09393    0.1596   0.02312    0.2767        84       640    0.2523    0.3807    0.2661    0.1407   0.09316     0.242   0.03186
    92/199     5.22G   0.09389    0.1603   0.02319    0.2774       417       640    0.2495     0.376    0.2655    0.1408   0.09316    0.2421   0.03186
    93/199     5.22G   0.09396    0.1603   0.02322    0.2775        96       640     0.254    0.3775    0.2645    0.1403   0.09316     0.242   0.03187
    94/199     5.22G   0.09379    0.1605   0.02317    0.2775        99       640    0.2552    0.3814    0.2653    0.1406   0.09315     0.242   0.03188
    95/199     5.22G   0.09396    0.1604   0.02315    0.2775       112       640    0.2546    0.3817    0.2658    0.1412   0.09314    0.2422   0.03188
    96/199     5.22G   0.09403    0.1609   0.02308     0.278        67       640    0.2562    0.3803    0.2659     0.141   0.09316    0.2425   0.03191
    97/199     5.22G    0.0941    0.1621   0.02319    0.2794        88       640    0.2537     0.379    0.2664    0.1415   0.09315    0.2425   0.03192
    98/199     5.22G   0.09394    0.1617   0.02309    0.2787       191       640    0.2553     0.384    0.2661    0.1416   0.09314    0.2426   0.03193
    99/199     5.22G   0.09325    0.1582   0.02292    0.2743        96       640    0.2569    0.3877    0.2673    0.1429   0.09313    0.2425   0.03195
   100/199     5.22G   0.09351    0.1604   0.02302    0.2769        51       640    0.2575    0.3837    0.2683    0.1433   0.09313    0.2425   0.03197
   101/199     5.22G   0.09383    0.1607   0.02299    0.2775        32       640    0.2541    0.3811    0.2672    0.1425   0.09314    0.2426   0.03195
   102/199     5.22G   0.09413    0.1621   0.02307    0.2793       235       640    0.2497    0.3754    0.2674     0.143   0.09312    0.2428   0.03191
   103/199     5.22G   0.09345    0.1595   0.02293    0.2759       135       640    0.2543    0.3797    0.2682    0.1434   0.09308    0.2427   0.03186
   104/199     5.22G   0.09385    0.1607   0.02287    0.2774        26       640     0.253    0.3804    0.2679    0.1431   0.09307    0.2428   0.03185
   105/199     5.22G   0.09348    0.1585   0.02277    0.2748       214       640    0.2538    0.3826     0.269    0.1437   0.09306    0.2427   0.03181
   106/199     5.22G   0.09309    0.1591   0.02269    0.2748       103       640    0.2548    0.3823    0.2689    0.1433   0.09306    0.2429   0.03181
   107/199     5.22G   0.09385    0.1598   0.02276    0.2764       196       640    0.2571    0.3832    0.2686     0.143   0.09307    0.2429   0.03183
   108/199     5.22G   0.09333    0.1605   0.02273    0.2766       100       640    0.2557    0.3822     0.269    0.1434   0.09306    0.2427   0.03182
   109/199     5.22G   0.09373    0.1596   0.02262     0.276       271       640     0.256    0.3823    0.2687    0.1431   0.09306    0.2428   0.03185
   110/199     5.22G   0.09364    0.1609   0.02277    0.2773       168       640    0.2548    0.3809    0.2676    0.1428   0.09306    0.2428   0.03189
   111/199     5.22G   0.09349    0.1597   0.02273    0.2759        88       640    0.2574    0.3811    0.2684    0.1431   0.09307    0.2429   0.03192
   112/199     5.22G   0.09344    0.1592   0.02256    0.2752        64       640    0.2524      0.38    0.2682    0.1433   0.09307    0.2429   0.03192
   113/199     5.22G   0.09357    0.1592    0.0227    0.2754        60       640     0.255    0.3805     0.269    0.1438   0.09306    0.2426   0.03192
   114/199     5.22G    0.0932    0.1566   0.02259    0.2724       205       640     0.256    0.3822    0.2694    0.1442   0.09304    0.2428   0.03194
   115/199     5.22G   0.09353    0.1588   0.02259    0.2749       117       640    0.2549    0.3815     0.269    0.1444   0.09302    0.2426   0.03193
   116/199     5.22G    0.0931    0.1581   0.02261    0.2739       386       640     0.255    0.3819    0.2698    0.1444   0.09302    0.2427   0.03194
   117/199     5.22G   0.09309     0.157   0.02257    0.2726       201       640    0.2547    0.3827    0.2685    0.1433   0.09301    0.2429   0.03195
   118/199     5.22G   0.09358     0.158   0.02243     0.274       197       640    0.2526    0.3829    0.2679    0.1432   0.09299    0.2429   0.03195
   119/199     5.22G   0.09357    0.1595   0.02245    0.2756       409       640    0.2521    0.3827     0.268    0.1428   0.09299     0.243   0.03196
   120/199     5.22G   0.09337    0.1587   0.02254    0.2746       183       640    0.2528    0.3816    0.2679    0.1429     0.093     0.243   0.03194
   121/199     5.22G     0.093    0.1575   0.02242    0.2729       103       640    0.2541    0.3842    0.2682    0.1433   0.09299    0.2431   0.03195
   122/199     5.22G   0.09301    0.1593   0.02237    0.2746        77       640    0.2561     0.384    0.2684    0.1434   0.09299    0.2431   0.03196
   123/199     5.22G   0.09335    0.1583   0.02237     0.274       164       640    0.2545    0.3842    0.2683    0.1436   0.09299    0.2431   0.03197
   124/199     5.22G   0.09284    0.1579   0.02237    0.2731       104       640    0.2553    0.3843    0.2683    0.1435   0.09299    0.2431   0.03198
   125/199     5.22G   0.09316    0.1585   0.02233     0.274        24       640    0.2552    0.3839    0.2685    0.1437   0.09299    0.2431     0.032
   126/199     5.22G   0.09295    0.1586   0.02229    0.2738       145       640    0.2555    0.3835     0.269    0.1438   0.09299    0.2431     0.032
   127/199     5.22G    0.0925    0.1576   0.02221    0.2723       180       640    0.2541    0.3817    0.2698    0.1443     0.093    0.2432     0.032
   128/199     5.22G   0.09275    0.1573   0.02231    0.2724       178       640    0.2543    0.3833    0.2705    0.1442   0.09301    0.2431   0.03201
   129/199     5.22G    0.0929     0.158   0.02242    0.2733        48       640    0.2518    0.3812    0.2695    0.1443   0.09301    0.2431   0.03202
   130/199     5.22G   0.09319    0.1588   0.02235    0.2743       145       640     0.253    0.3837    0.2693    0.1439   0.09301    0.2431   0.03202
   131/199     5.22G   0.09304    0.1587   0.02225     0.274       140       640    0.2525    0.3836    0.2686    0.1435     0.093    0.2432   0.03201
   132/199     5.22G   0.09292    0.1576   0.02221    0.2727       100       640    0.2524    0.3841    0.2683    0.1434     0.093    0.2432   0.03202
   133/199     5.22G    0.0929    0.1578   0.02213    0.2728       586       640    0.2521    0.3837    0.2685    0.1437     0.093    0.2432   0.03203
   134/199     5.22G   0.09294    0.1587   0.02208    0.2737        22       640    0.2517    0.3844    0.2684    0.1435   0.09299    0.2432   0.03202
   135/199     5.22G     0.093    0.1586   0.02223    0.2739       127       640    0.2506    0.3836    0.2684    0.1436   0.09299    0.2433   0.03203
   136/199     5.22G    0.0926    0.1568   0.02212    0.2716        24       640    0.2493    0.3834     0.268    0.1434     0.093    0.2434   0.03202
   137/199     5.22G   0.09303    0.1568   0.02228    0.2721       185       640    0.2505    0.3835    0.2678    0.1436   0.09299    0.2433   0.03202
   138/199     5.22G   0.09266    0.1568   0.02213    0.2716        70       640    0.2496    0.3819    0.2675    0.1439   0.09299    0.2434   0.03202
   139/199     5.22G   0.09272    0.1584   0.02206    0.2732        59       640    0.2496    0.3818    0.2682    0.1441   0.09299    0.2434   0.03202
   140/199     5.22G   0.09259    0.1558   0.02201    0.2704        49       640    0.2488    0.3816    0.2685    0.1442   0.09298    0.2434   0.03203
   141/199     5.22G   0.09294    0.1569   0.02213     0.272       126       640    0.2494    0.3817    0.2687    0.1442   0.09298    0.2435   0.03203
   142/199     5.22G   0.09278    0.1577   0.02191    0.2724       241       640    0.2498    0.3819    0.2687    0.1441   0.09298    0.2435   0.03203
   143/199     5.22G   0.09259    0.1561   0.02187    0.2706        41       640    0.2495    0.3814    0.2692    0.1445   0.09297    0.2435   0.03203
   144/199     5.22G   0.09253    0.1566   0.02199    0.2712       169       640    0.2495    0.3815    0.2693    0.1445   0.09297    0.2436   0.03203
   145/199     5.22G   0.09272    0.1576   0.02194    0.2722       209       640    0.2498    0.3814    0.2696    0.1446   0.09297    0.2437   0.03204
   146/199     5.22G   0.09282    0.1568   0.02183    0.2715       115       640    0.2488    0.3802    0.2695    0.1446   0.09297    0.2437   0.03205
   147/199     5.22G   0.09225    0.1564   0.02188    0.2705       132       640    0.2472    0.3776    0.2696    0.1448   0.09297    0.2436   0.03204
   148/199     5.22G   0.09225    0.1566   0.02171    0.2706       117       640    0.2478    0.3782    0.2699    0.1451   0.09297    0.2436   0.03204
   149/199     5.22G   0.09237    0.1569   0.02171     0.271        87       640    0.2471    0.3789    0.2697    0.1451   0.09297    0.2437   0.03204
   150/199     5.22G   0.09297    0.1575   0.02186    0.2723       153       640    0.2483    0.3791    0.2698    0.1451   0.09297    0.2437   0.03205
   151/199     5.22G   0.09254    0.1578   0.02161     0.272        92       640    0.2484    0.3797      0.27    0.1451   0.09297    0.2438   0.03206
   152/199     5.22G   0.09262    0.1555   0.02173    0.2699       103       640    0.2485    0.3791    0.2697    0.1452   0.09297    0.2438   0.03206
   153/199     5.22G   0.09236    0.1559   0.02185    0.2701       131       640    0.2485    0.3789    0.2696    0.1453   0.09297    0.2439   0.03207
   154/199     5.22G   0.09239    0.1567    0.0216    0.2707       169       640    0.2488    0.3785    0.2695    0.1453   0.09297    0.2439   0.03207
   155/199     5.22G   0.09244     0.155   0.02158     0.269       117       640    0.2482    0.3779    0.2694    0.1451   0.09297     0.244   0.03208
   156/199     5.22G   0.09218     0.155   0.02158    0.2688       440       640    0.2491    0.3781    0.2696    0.1453   0.09297     0.244   0.03208
   157/199     5.22G   0.09211    0.1535   0.02165    0.2672       102       640    0.2484    0.3783    0.2695    0.1451   0.09297     0.244   0.03208
   158/199     5.22G   0.09243    0.1551   0.02164    0.2692        63       640    0.2486    0.3785    0.2697     0.145   0.09297     0.244   0.03209
   159/199     5.22G   0.09216    0.1552   0.02159    0.2689        64       640     0.249    0.3784    0.2697    0.1449   0.09297     0.244    0.0321
   160/199     5.22G   0.09245    0.1562   0.02167    0.2703       293       640    0.2488    0.3778    0.2693    0.1449   0.09297    0.2441    0.0321
   161/199     5.22G    0.0922    0.1555   0.02142    0.2692       233       640    0.2485    0.3779    0.2695    0.1448   0.09297    0.2441   0.03211
   162/199     5.22G    0.0921    0.1544   0.02151     0.268       144       640    0.2482     0.378    0.2695     0.145   0.09297    0.2441   0.03211
   163/199     5.22G   0.09238    0.1572   0.02151     0.271       141       640    0.2485    0.3778    0.2695    0.1448   0.09297    0.2442   0.03211
   164/199     5.22G   0.09219     0.154   0.02134    0.2676       109       640    0.2486    0.3776    0.2694    0.1448   0.09297    0.2442   0.03212
   165/199     5.22G   0.09234     0.154   0.02142    0.2677       273       640    0.2489    0.3776    0.2695    0.1447   0.09297    0.2442   0.03212
   166/199     5.22G   0.09229    0.1551   0.02153    0.2689        58       640    0.2493    0.3774    0.2694    0.1448   0.09297    0.2443   0.03212
   167/199     5.22G   0.09214     0.155   0.02128    0.2685       193       640    0.2493    0.3778    0.2695    0.1449   0.09297    0.2443   0.03213
   168/199     5.22G   0.09228    0.1568   0.02134    0.2704       130       640    0.2497    0.3776    0.2695    0.1449   0.09297    0.2442   0.03213
   169/199     5.22G   0.09192    0.1561   0.02133    0.2694       256       640    0.2498    0.3775    0.2693    0.1449   0.09297    0.2443   0.03214
   170/199     5.22G    0.0925    0.1539   0.02133    0.2677       237       640    0.2504    0.3779    0.2695    0.1449   0.09298    0.2443   0.03214
   171/199     5.22G   0.09234    0.1554    0.0214    0.2692       179       640    0.2516    0.3781    0.2696     0.145   0.09298    0.2444   0.03215
   172/199     5.22G   0.09227    0.1559   0.02134    0.2695        59       640     0.251    0.3775    0.2696    0.1449   0.09298    0.2444   0.03216
   173/199     5.22G   0.09241    0.1562   0.02138      0.27       102       640    0.2506    0.3781    0.2698     0.145   0.09298    0.2444   0.03216
   174/199     5.22G   0.09222    0.1554    0.0214     0.269        93       640    0.2506    0.3778    0.2698    0.1449   0.09299    0.2445   0.03217
   175/199     5.22G   0.09179     0.153   0.02115     0.266       180       640      0.25    0.3776    0.2698    0.1448   0.09299    0.2445   0.03218
   176/199     5.22G   0.09202    0.1553   0.02112    0.2685       150       640    0.2499    0.3775    0.2699    0.1449   0.09299    0.2445   0.03218
   177/199     5.22G   0.09219    0.1561   0.02122    0.2695        62       640    0.2499    0.3775    0.2698    0.1449   0.09299    0.2445   0.03218
   178/199     5.22G   0.09235    0.1564   0.02132    0.2701        80       640    0.2498    0.3772    0.2699    0.1448   0.09299    0.2445   0.03219
   179/199     5.22G   0.09187    0.1536   0.02123    0.2667       138       640    0.2508    0.3773    0.2698    0.1448   0.09299    0.2445   0.03219
   180/199     5.22G    0.0922    0.1565   0.02107    0.2697       198       640    0.2506    0.3771      0.27    0.1448   0.09299    0.2445    0.0322
   181/199     5.22G   0.09185    0.1534   0.02121    0.2665        58       640    0.2503     0.377      0.27    0.1447   0.09299    0.2445    0.0322
   182/199     5.22G   0.09229     0.156   0.02105    0.2693        87       640    0.2506    0.3775      0.27    0.1447   0.09299    0.2446    0.0322
   183/199     5.22G     0.092     0.154    0.0211    0.2671       122       640    0.2507    0.3773    0.2699    0.1447   0.09299    0.2446   0.03221
   184/199     5.22G   0.09195     0.155   0.02123    0.2682        48       640    0.2508    0.3772    0.2698    0.1446   0.09299    0.2446   0.03221
   185/199     5.22G   0.09186    0.1541   0.02099    0.2669        84       640    0.2505     0.377      0.27    0.1448     0.093    0.2446   0.03222
   186/199     5.22G   0.09205    0.1538   0.02113    0.2669        81       640    0.2518    0.3777    0.2697    0.1447     0.093    0.2447   0.03222
   187/199     5.22G   0.09202    0.1535   0.02105    0.2665       106       640    0.2539    0.3792    0.2697    0.1447     0.093    0.2446   0.03222
   188/199     5.22G   0.09168    0.1527   0.02088    0.2653       204       640    0.2536    0.3791    0.2695    0.1447     0.093    0.2447   0.03223
   189/199     5.22G   0.09151    0.1532   0.02106    0.2658        60       640    0.2542    0.3795    0.2697    0.1447     0.093    0.2447   0.03224
   190/199     5.22G   0.09191    0.1534   0.02113    0.2665       251       640    0.2539    0.3791    0.2697    0.1448   0.09301    0.2448   0.03224
   191/199     5.22G   0.09192    0.1541    0.0209    0.2669        98       640    0.2543     0.379    0.2697    0.1448   0.09301    0.2448   0.03225
   192/199     5.22G   0.09208    0.1559   0.02101     0.269       102       640    0.2545    0.3793    0.2697    0.1448   0.09301    0.2448   0.03225
   193/199     5.22G   0.09175    0.1541   0.02094    0.2668       215       640    0.2543    0.3791    0.2697    0.1447   0.09301    0.2448   0.03226
   194/199     5.22G   0.09183     0.154   0.02104    0.2669       138       640    0.2538    0.3786    0.2697    0.1449   0.09301    0.2449   0.03226
   195/199     5.22G   0.09212     0.156   0.02101    0.2692       121       640    0.2538    0.3785    0.2696    0.1447   0.09301    0.2449   0.03227
   196/199     5.22G   0.09167    0.1564   0.02099    0.2691       116       640    0.2545    0.3786    0.2694    0.1447   0.09301    0.2449   0.03227
   197/199     5.22G    0.0917    0.1537   0.02108    0.2664        91       640    0.2546    0.3787    0.2695    0.1448   0.09301    0.2449   0.03228
   198/199     5.22G   0.09169     0.154   0.02096    0.2666       147       640    0.2551    0.3787    0.2695    0.1448   0.09301    0.2449   0.03229
   199/199     5.22G   0.09163    0.1534   0.02092    0.2659        35       640    0.2552    0.3788    0.2695    0.1451   0.09301    0.2449   0.03229
