      0/99     5.16G    0.1313    0.1356   0.05362    0.3206       109       640    0.1307     0.131   0.05594   0.02152    0.1086    0.2448   0.04506
      1/99     5.22G    0.1118    0.1807   0.04076    0.3333       216       640   0.08587    0.1678   0.08173   0.03024    0.1046    0.2544   0.04213
      2/99     5.22G    0.1096    0.1821     0.038    0.3297        90       640    0.2058    0.1878    0.1048   0.03998    0.1039    0.2499   0.03913
      3/99     5.22G    0.1073    0.1834   0.03593    0.3267       245       640    0.1206    0.2103    0.1201   0.05026     0.102    0.2521   0.03805
      4/99     5.22G     0.105    0.1814   0.03458    0.3209        81       640     0.225    0.2077      0.13   0.05928   0.09984    0.2443   0.03706
      5/99     5.22G     0.104    0.1794   0.03379    0.3171       146       640    0.1445    0.2257    0.1414   0.06401   0.09944    0.2469   0.03673
      6/99     5.22G    0.1035    0.1819   0.03323    0.3187       115       640    0.1578    0.2374    0.1547   0.07139   0.09893     0.245   0.03608
      7/99     5.22G    0.1024    0.1776   0.03277    0.3128       218       640    0.2695    0.2464    0.1562   0.07368   0.09866    0.2441   0.03585
      8/99     5.22G    0.1026    0.1787   0.03212    0.3134        31       640    0.2099    0.2615    0.1633   0.07709   0.09835     0.244   0.03535
      9/99     5.22G    0.1019    0.1793   0.03182     0.313       148       640    0.2307    0.2585    0.1682   0.08052   0.09792    0.2457   0.03527
     10/99     5.22G    0.1018    0.1765   0.03132    0.3096       237       640    0.2201    0.2585    0.1746    0.0844   0.09754    0.2446   0.03468
     11/99     5.22G    0.1012    0.1776   0.03108    0.3098        65       640    0.2117     0.273    0.1825   0.08803   0.09739    0.2419   0.03455
     12/99     5.22G    0.1012    0.1765    0.0309    0.3086       354       640    0.2143    0.2714      0.18   0.08723   0.09738     0.243   0.03436
     13/99     5.22G    0.1006    0.1749   0.03067    0.3062        86       640    0.2348    0.2743    0.1847   0.09114   0.09694     0.243   0.03444
     14/99     5.22G    0.1012    0.1773   0.03038    0.3089       215       640    0.2321    0.2868    0.1954   0.09568   0.09703    0.2427   0.03431
     15/99     5.22G     0.101    0.1782   0.03022    0.3094       160       640    0.2202     0.289     0.193   0.09484   0.09672    0.2409   0.03402
     16/99     5.22G    0.1001    0.1749   0.02993     0.305       113       640    0.3114    0.2848    0.1957   0.09615   0.09696    0.2446   0.03444
     17/99     5.22G   0.09973    0.1732   0.02977    0.3027        66       640    0.2277    0.2914    0.1982   0.09808    0.0965    0.2418     0.034
     18/99     5.22G    0.1002    0.1752   0.02968    0.3051       176       640    0.2234    0.2935    0.2016    0.1003   0.09635    0.2412   0.03357
     19/99     5.22G   0.09963    0.1764   0.02944    0.3055       126       640    0.2295    0.3043    0.2057    0.1007    0.0963    0.2421   0.03352
     20/99     5.22G   0.09955    0.1729   0.02938    0.3019       240       640    0.3279    0.2939    0.2045    0.1009   0.09626    0.2419   0.03384
     21/99     5.22G   0.09939    0.1722    0.0291    0.3007        63       640    0.2287     0.313    0.2115    0.1048   0.09595    0.2418   0.03352
     22/99     5.22G   0.09956    0.1738   0.02902    0.3024       302       640    0.2322    0.3138    0.2139    0.1059   0.09604    0.2412   0.03349
     23/99     5.22G   0.09867    0.1716   0.02886    0.2992       129       640    0.2293    0.3178    0.2167    0.1078   0.09597    0.2409   0.03329
     24/99     5.22G   0.09922    0.1738   0.02875    0.3018       162       640    0.2396    0.3064    0.2149    0.1079   0.09587    0.2406   0.03342
     25/99     5.22G   0.09894     0.173   0.02854    0.3005        44       640    0.2388    0.3159    0.2184    0.1097    0.0956    0.2403   0.03308
     26/99     5.22G   0.09835    0.1712   0.02844     0.298       120       640    0.2385    0.3135    0.2197    0.1098   0.09564    0.2403   0.03301
     27/99     5.22G   0.09846     0.173   0.02833    0.2998       100       640    0.2321    0.3211     0.221      0.11   0.09559    0.2404   0.03315
     28/99     5.22G    0.0986    0.1722   0.02849    0.2993       129       640    0.2472    0.3167    0.2242    0.1132   0.09551    0.2401   0.03334
     29/99     5.22G   0.09861    0.1729   0.02831    0.2998       129       640    0.2392    0.3213    0.2219    0.1115   0.09551    0.2396   0.03289
     30/99     5.22G    0.0984    0.1702   0.02814    0.2968        59       640    0.2337     0.329    0.2258    0.1139   0.09537    0.2391   0.03268
     31/99     5.22G   0.09783    0.1685   0.02798    0.2943        45       640    0.2416    0.3275     0.228    0.1153   0.09521    0.2393   0.03266
     32/99     5.22G   0.09807    0.1707   0.02794    0.2967       135       640    0.2441    0.3299    0.2293    0.1151   0.09538    0.2407   0.03276
     33/99     5.22G   0.09786      0.17   0.02777    0.2956        73       640    0.2307    0.3358    0.2273    0.1145   0.09516    0.2401   0.03274
     34/99     5.22G   0.09812    0.1702   0.02771    0.2961        77       640    0.2407    0.3296    0.2294    0.1151   0.09503    0.2393   0.03247
     35/99     5.22G   0.09805    0.1715    0.0277    0.2972       266       640    0.2436    0.3328    0.2323    0.1175    0.0951    0.2398   0.03262
     36/99     5.22G   0.09791    0.1684   0.02785    0.2942        19       640    0.2577    0.3315    0.2298    0.1163   0.09507      0.24   0.03268
     37/99     5.22G   0.09766    0.1702   0.02746    0.2953        36       640    0.2317    0.3425      0.23    0.1162   0.09498    0.2403   0.03248
     38/99     5.22G   0.09787    0.1712   0.02749    0.2965       158       640    0.2499    0.3461    0.2362    0.1207    0.0949    0.2387   0.03252
     39/99     5.22G   0.09761    0.1702   0.02743    0.2952        47       640    0.2433     0.338     0.235    0.1196   0.09486    0.2394   0.03244
     40/99     5.22G   0.09759    0.1695   0.02722    0.2943       177       640    0.2456    0.3427    0.2399    0.1215   0.09472    0.2388   0.03219
     41/99     5.22G   0.09725    0.1687   0.02714    0.2931        44       640    0.2398    0.3452    0.2382     0.121   0.09475     0.239   0.03238
     42/99     5.22G   0.09743    0.1701   0.02716    0.2947       101       640    0.2533     0.344    0.2366    0.1206   0.09474    0.2394    0.0324
     43/99     5.22G   0.09747    0.1684   0.02705    0.2929       194       640    0.2388    0.3425    0.2386    0.1207   0.09466    0.2387   0.03242
     44/99     5.22G   0.09716    0.1697   0.02709    0.2939       156       640    0.2456    0.3434    0.2384    0.1212   0.09463    0.2387   0.03216
     45/99     5.22G   0.09738    0.1685   0.02711     0.293       161       640    0.2442    0.3548     0.244    0.1242   0.09453    0.2383   0.03224
     46/99     5.22G   0.09672    0.1673   0.02669    0.2907        91       640    0.2523    0.3528    0.2428    0.1235   0.09455    0.2386   0.03212
     47/99     5.22G   0.09693    0.1701   0.02668    0.2937        89       640    0.2444    0.3426    0.2412    0.1229   0.09438    0.2382   0.03207
     48/99     5.22G   0.09697    0.1688   0.02683    0.2926       128       640     0.253    0.3494    0.2461    0.1267   0.09447    0.2386   0.03216
     49/99     5.22G   0.09694    0.1677   0.02668    0.2913       142       640    0.2381    0.3433    0.2398    0.1221   0.09439    0.2391   0.03227
     50/99     5.22G   0.09691     0.168   0.02649    0.2914        83       640    0.2425    0.3494    0.2459     0.126   0.09438    0.2386   0.03212
     51/99     5.22G   0.09653    0.1678   0.02648    0.2908        86       640    0.2485    0.3549    0.2477    0.1282   0.09437    0.2386   0.03202
     52/99     5.22G   0.09669    0.1687   0.02657    0.2919        83       640    0.2569    0.3593    0.2489     0.127   0.09429    0.2384    0.0319
     53/99     5.22G    0.0967    0.1684   0.02643    0.2916        45       640      0.25    0.3574    0.2479    0.1277   0.09427    0.2385   0.03197
     54/99     5.22G   0.09661    0.1697   0.02626    0.2926       160       640    0.2533    0.3584    0.2526    0.1294   0.09421    0.2383   0.03196
     55/99     5.22G   0.09698    0.1674   0.02637    0.2908       163       640    0.2468    0.3551     0.249    0.1276   0.09421    0.2383   0.03201
     56/99     5.22G   0.09686    0.1683   0.02615    0.2913       145       640     0.248    0.3576    0.2525    0.1294   0.09416    0.2384   0.03192
     57/99     5.22G   0.09659    0.1679   0.02618    0.2907        83       640    0.2525     0.356    0.2509      0.13   0.09411    0.2378   0.03206
     58/99     5.22G   0.09621    0.1682   0.02604    0.2904       250       640    0.2479    0.3534    0.2501     0.129    0.0941     0.238   0.03195
     59/99     5.22G   0.09665    0.1667   0.02618    0.2896        59       640    0.2544    0.3603    0.2499    0.1284   0.09409    0.2384    0.0319
     60/99     5.22G   0.09625    0.1647     0.026    0.2869        86       640    0.2639     0.369    0.2541    0.1299   0.09404    0.2387   0.03184
     61/99     5.22G   0.09626     0.167   0.02586    0.2891       280       640    0.2549    0.3669    0.2556     0.132   0.09398    0.2384   0.03186
     62/99     5.22G   0.09627    0.1659   0.02571    0.2879        79       640    0.2585    0.3603    0.2549    0.1317   0.09397    0.2385   0.03178
     63/99     5.22G    0.0959     0.166   0.02608    0.2879       377       640    0.2518    0.3639     0.256    0.1321   0.09395    0.2383   0.03179
     64/99     5.22G   0.09613    0.1656   0.02584    0.2876       138       640    0.2495    0.3611    0.2529    0.1304   0.09392    0.2382   0.03185
     65/99     5.22G   0.09603    0.1677   0.02569    0.2894       185       640    0.2501    0.3641    0.2557     0.132   0.09388    0.2382   0.03184
     66/99     5.22G   0.09605    0.1643   0.02568    0.2861        72       640    0.2479     0.366    0.2564    0.1332   0.09385    0.2384    0.0318
     67/99     5.22G   0.09583    0.1648   0.02567    0.2863       151       640    0.2487    0.3617    0.2547    0.1317   0.09383    0.2381   0.03179
     68/99     5.22G   0.09559    0.1645   0.02552    0.2856        47       640    0.2512    0.3715    0.2583    0.1333   0.09385    0.2385   0.03172
     69/99     5.22G   0.09534    0.1642   0.02554    0.2851       103       640    0.2566    0.3699      0.26    0.1341   0.09381    0.2383   0.03172
     70/99     5.22G   0.09542    0.1641   0.02543     0.285        87       640    0.2584    0.3671    0.2586    0.1344   0.09378    0.2388   0.03182
     71/99     5.22G   0.09534    0.1646   0.02533    0.2853        41       640    0.2611    0.3695    0.2598    0.1351   0.09374    0.2389   0.03177
     72/99     5.22G   0.09515    0.1647   0.02524    0.2851       170       640    0.2584      0.37    0.2627    0.1365   0.09371    0.2387   0.03167
     73/99     5.22G   0.09545    0.1648   0.02535    0.2856       104       640    0.2583    0.3673    0.2599    0.1349   0.09368    0.2387   0.03189
     74/99     5.22G    0.0954    0.1635   0.02541    0.2843       168       640    0.2532    0.3673    0.2625    0.1366   0.09369     0.239   0.03167
     75/99     5.22G   0.09542    0.1646   0.02521    0.2852       168       640    0.2514    0.3679    0.2634    0.1372   0.09369     0.239   0.03172
     76/99     5.22G   0.09529    0.1647   0.02519    0.2852       127       640    0.2514    0.3719     0.262    0.1365   0.09368    0.2388    0.0317
     77/99     5.22G   0.09487    0.1624   0.02505    0.2824       265       640    0.2498    0.3683    0.2651    0.1388   0.09362    0.2388    0.0317
     78/99     5.22G    0.0949    0.1621   0.02506     0.282        91       640    0.2554     0.371    0.2619    0.1369   0.09364    0.2389    0.0317
     79/99     5.22G   0.09511    0.1628   0.02511    0.2831       122       640    0.2514    0.3719    0.2625    0.1361   0.09365    0.2386   0.03158
     80/99     5.22G   0.09517    0.1641    0.0251    0.2844       106       640    0.2537    0.3718    0.2612    0.1366   0.09362    0.2388   0.03164
     81/99     5.22G   0.09502     0.162    0.0249    0.2819       114       640    0.2532    0.3688    0.2622    0.1375   0.09359    0.2391    0.0317
     82/99     5.22G   0.09505    0.1656   0.02485    0.2855       179       640    0.2568    0.3718     0.263     0.138    0.0936     0.239   0.03175
     83/99     5.22G    0.0952     0.163   0.02484     0.283       218       640    0.2507    0.3715    0.2638    0.1383   0.09359    0.2394   0.03174
     84/99     5.22G   0.09524    0.1658   0.02482    0.2859        48       640    0.2499    0.3713    0.2622    0.1371    0.0936    0.2391   0.03173
     85/99     5.22G    0.0949     0.164   0.02485    0.2837        58       640     0.249    0.3727    0.2633    0.1374   0.09356    0.2392   0.03168
     86/99     5.22G   0.09479    0.1627   0.02475    0.2822       146       640      0.25     0.375     0.265    0.1386   0.09353    0.2391   0.03167
     87/99     5.22G   0.09473    0.1617   0.02475    0.2812       169       640    0.2499    0.3756    0.2648    0.1381   0.09353    0.2391   0.03165
     88/99     5.22G   0.09508    0.1633   0.02472    0.2831       201       640    0.2501    0.3763    0.2662    0.1389   0.09353    0.2389   0.03165
     89/99     5.22G   0.09481    0.1619   0.02471    0.2814        82       640    0.2529    0.3759     0.267     0.139   0.09352    0.2391   0.03164
     90/99     5.22G   0.09515    0.1621   0.02479    0.2821       207       640    0.2519     0.377    0.2665    0.1398    0.0935    0.2392   0.03167
     91/99     5.22G   0.09465    0.1607    0.0245    0.2799        84       640    0.2503    0.3774    0.2663    0.1386   0.09349    0.2392   0.03168
     92/99     5.22G   0.09462    0.1614   0.02457    0.2806       417       640    0.2527     0.379    0.2662    0.1392   0.09349    0.2392   0.03162
     93/99     5.22G   0.09466    0.1611   0.02464    0.2804        96       640    0.2501    0.3762    0.2663    0.1391    0.0935    0.2392   0.03162
     94/99     5.22G   0.09449    0.1617   0.02456    0.2808        99       640    0.2538    0.3798    0.2676     0.139   0.09349    0.2392    0.0316
     95/99     5.22G   0.09465    0.1614   0.02456    0.2806       112       640     0.256    0.3807    0.2687    0.1397   0.09346    0.2391   0.03163
     96/99     5.22G   0.09477    0.1621   0.02448    0.2814        67       640    0.2511    0.3789    0.2696    0.1401   0.09345    0.2391   0.03165
     97/99     5.22G   0.09479     0.163   0.02455    0.2823        88       640    0.2545    0.3812    0.2709    0.1402   0.09345    0.2392   0.03167
     98/99     5.22G   0.09464    0.1626    0.0244    0.2817       191       640    0.2535    0.3828    0.2694    0.1402   0.09346    0.2392   0.03167
     99/99     5.22G   0.09401    0.1594   0.02426    0.2776        96       640    0.2527    0.3817    0.2704    0.1406   0.09345    0.2393    0.0317
