      0/99     5.16G   0.09427    0.1611    0.0241    0.2795       109       640    0.2407     0.379     0.264    0.1382   0.09367    0.2408   0.03191
      1/99     5.22G   0.09484     0.161   0.02436    0.2802       216       640    0.2532     0.366    0.2549    0.1304   0.09408    0.2415   0.03228
      2/99     5.22G   0.09687     0.166   0.02529    0.2882        90       640    0.2445    0.3286    0.2266    0.1108   0.09583    0.2457     0.033
      3/99     5.22G   0.09844    0.1729   0.02658    0.2979       245       640    0.2549    0.3276    0.2207    0.1057   0.09629    0.2457   0.03358
      4/99     5.22G   0.09762    0.1712   0.02665    0.2954        81       640    0.2335    0.3366    0.2306    0.1144   0.09558    0.2447   0.03296
      5/99     5.22G   0.09761    0.1698   0.02658     0.294       146       640    0.2234    0.3325    0.2248    0.1124   0.09529    0.2438   0.03322
      6/99     5.22G   0.09779    0.1728   0.02659    0.2972       115       640    0.2229    0.3602    0.2393    0.1181   0.09542    0.2434   0.03279
      7/99     5.22G   0.09709    0.1688   0.02664    0.2926       218       640    0.2425    0.3356    0.2331    0.1163   0.09523    0.2434   0.03316
      8/99     5.22G   0.09766    0.1706   0.02638    0.2946        31       640    0.2286    0.3532    0.2384    0.1196   0.09503    0.2435    0.0326
      9/99     5.22G   0.09721    0.1707   0.02628    0.2942       148       640    0.2261    0.3461    0.2342     0.119   0.09497    0.2431    0.0329
     10/99     5.22G   0.09735    0.1686   0.02609     0.292       237       640    0.2366    0.3434    0.2377     0.119   0.09516    0.2438    0.0327
     11/99     5.22G   0.09701    0.1696   0.02617    0.2928        65       640    0.2249    0.3679    0.2473    0.1238    0.0949    0.2425   0.03264
     12/99     5.22G   0.09727     0.169   0.02623    0.2925       354       640      0.23    0.3437    0.2318    0.1152   0.09529    0.2437   0.03294
     13/99     5.22G   0.09682    0.1675   0.02614    0.2905        86       640    0.2721    0.3462    0.2381    0.1201   0.09488    0.2427   0.03303
     14/99     5.22G   0.09751    0.1699   0.02604    0.2934       215       640    0.2451      0.35    0.2445    0.1237   0.09508    0.2434   0.03265
     15/99     5.22G    0.0975    0.1709   0.02597    0.2944       160       640    0.2419     0.357    0.2386    0.1207   0.09479    0.2426   0.03265
     16/99     5.22G   0.09671     0.168   0.02588    0.2906       113       640    0.2571    0.3458    0.2445    0.1239   0.09502     0.245   0.03272
     17/99     5.22G   0.09642    0.1662   0.02581    0.2884        66       640    0.2414    0.3447    0.2351     0.119   0.09471     0.243   0.03293
     18/99     5.22G   0.09703    0.1686   0.02592    0.2916       176       640    0.2428    0.3459    0.2378    0.1201   0.09471    0.2429   0.03267
     19/99     5.22G    0.0965    0.1697   0.02578     0.292       126       640    0.2414    0.3499    0.2437    0.1242   0.09454    0.2423   0.03228
     20/99     5.22G   0.09648    0.1662    0.0258    0.2885       240       640    0.2522    0.3427    0.2431    0.1244   0.09446     0.241   0.03234
     21/99     5.22G   0.09646    0.1659   0.02569    0.2881        63       640    0.2362    0.3624    0.2462    0.1247   0.09447    0.2419   0.03236
     22/99     5.22G   0.09666    0.1673    0.0256    0.2895       302       640    0.2417    0.3649    0.2457     0.125   0.09468    0.2419   0.03248
     23/99     5.22G   0.09591    0.1656   0.02555     0.287       129       640     0.245    0.3611    0.2466    0.1258   0.09448     0.242   0.03226
     24/99     5.22G   0.09649    0.1676   0.02553    0.2897       162       640    0.2531    0.3603    0.2507     0.129   0.09445    0.2419    0.0323
     25/99     5.22G   0.09634    0.1671   0.02545    0.2889        44       640    0.2435     0.353    0.2466    0.1268   0.09436     0.242   0.03238
     26/99     5.22G   0.09575    0.1651   0.02536    0.2862       120       640    0.2465    0.3603     0.248    0.1278   0.09444    0.2416   0.03224
     27/99     5.22G   0.09591     0.167   0.02535    0.2883       100       640    0.2403    0.3535    0.2455    0.1262   0.09442    0.2411   0.03255
     28/99     5.22G   0.09614    0.1664   0.02557    0.2881       129       640    0.2552    0.3553    0.2505    0.1294   0.09434    0.2422   0.03244
     29/99     5.22G    0.0962     0.167   0.02543    0.2886       129       640    0.2563    0.3558     0.251    0.1289   0.09437    0.2423   0.03221
     30/99     5.22G   0.09597    0.1645   0.02527    0.2857        59       640    0.2434    0.3599    0.2491    0.1284   0.09429    0.2409    0.0323
     31/99     5.22G   0.09546    0.1627   0.02519    0.2834        45       640     0.247    0.3626    0.2496    0.1281   0.09427    0.2422   0.03227
     32/99     5.22G   0.09577    0.1649   0.02518    0.2859       135       640    0.2467    0.3616    0.2493    0.1275    0.0943    0.2432   0.03202
     33/99     5.22G   0.09553    0.1643   0.02507    0.2849        73       640    0.2513    0.3595    0.2511    0.1273   0.09416    0.2418   0.03225
     34/99     5.22G   0.09589    0.1649   0.02505    0.2858        77       640    0.2405    0.3659     0.254    0.1293   0.09416     0.242   0.03205
     35/99     5.22G   0.09587    0.1658   0.02509    0.2867       266       640    0.2469    0.3614    0.2537    0.1317   0.09409    0.2412   0.03219
     36/99     5.22G   0.09574    0.1629   0.02524    0.2839        19       640    0.2585    0.3549    0.2521    0.1301   0.09408    0.2418    0.0323
     37/99     5.22G   0.09553    0.1647   0.02491    0.2852        36       640    0.2494    0.3641    0.2509    0.1291   0.09405    0.2415   0.03212
     38/99     5.22G   0.09581    0.1658     0.025    0.2866       158       640    0.2509    0.3673    0.2536    0.1312   0.09398     0.241   0.03203
     39/99     5.22G   0.09555    0.1647   0.02497    0.2852        47       640    0.2504    0.3633    0.2526    0.1298   0.09399    0.2417   0.03212
     40/99     5.22G   0.09552    0.1642   0.02473    0.2844       177       640    0.2495    0.3735    0.2584    0.1338   0.09392    0.2414   0.03213
     41/99     5.22G   0.09524    0.1635   0.02469    0.2835        44       640    0.2372    0.3645     0.253    0.1317   0.09398    0.2415   0.03217
     42/99     5.22G   0.09538    0.1646   0.02475    0.2848       101       640    0.2518     0.367    0.2553    0.1324   0.09407    0.2419    0.0323
     43/99     5.22G   0.09548     0.163    0.0247    0.2832       194       640    0.2452    0.3782    0.2584    0.1339    0.0939    0.2409   0.03188
     44/99     5.22G   0.09518    0.1644   0.02474    0.2843       156       640    0.2477    0.3596    0.2527     0.131   0.09377    0.2407    0.0319
     45/99     5.22G   0.09546    0.1634   0.02476    0.2836       161       640    0.2469    0.3639    0.2538     0.132   0.09389    0.2422   0.03213
     46/99     5.22G   0.09478     0.162   0.02436    0.2811        91       640    0.2449    0.3656    0.2563    0.1338   0.09382     0.241   0.03192
     47/99     5.22G   0.09511    0.1653   0.02447    0.2849        89       640    0.2459     0.365    0.2558    0.1334   0.09377    0.2407   0.03182
     48/99     5.22G   0.09506    0.1635    0.0246    0.2832       128       640    0.2518    0.3634    0.2555    0.1341   0.09381    0.2407   0.03197
     49/99     5.22G   0.09509    0.1626   0.02444    0.2821       142       640     0.249    0.3654    0.2541    0.1319   0.09373    0.2415   0.03201
     50/99     5.22G   0.09505    0.1628   0.02426    0.2821        83       640    0.2478    0.3687    0.2559    0.1339   0.09377    0.2413   0.03203
     51/99     5.22G    0.0947    0.1625    0.0243    0.2815        86       640    0.2451    0.3713    0.2588    0.1351   0.09376    0.2409   0.03193
     52/99     5.22G   0.09489    0.1636   0.02439    0.2829        83       640    0.2539    0.3672     0.258    0.1339   0.09368    0.2413   0.03197
     53/99     5.22G    0.0949    0.1633   0.02433    0.2825        45       640    0.2466    0.3654    0.2564    0.1343   0.09372    0.2415   0.03195
     54/99     5.22G   0.09485     0.165   0.02416     0.284       160       640     0.253    0.3667    0.2576    0.1343   0.09364    0.2413   0.03195
     55/99     5.22G   0.09522    0.1625   0.02425     0.282       163       640    0.2478    0.3731    0.2606    0.1361    0.0936     0.241   0.03196
     56/99     5.22G   0.09516    0.1635   0.02406    0.2827       145       640    0.2509    0.3741    0.2596    0.1354   0.09363    0.2413   0.03188
     57/99     5.22G   0.09489    0.1631   0.02417    0.2821        83       640    0.2472    0.3722     0.257    0.1347   0.09366    0.2412   0.03186
     58/99     5.22G    0.0945    0.1635   0.02397    0.2819       250       640    0.2506    0.3643    0.2578    0.1359   0.09363    0.2416     0.032
     59/99     5.22G   0.09495     0.162   0.02413    0.2811        59       640    0.2541    0.3709    0.2578    0.1363   0.09358    0.2415   0.03195
     60/99     5.22G   0.09458    0.1599   0.02397    0.2784        86       640    0.2522    0.3685     0.259    0.1364   0.09355    0.2417   0.03192
     61/99     5.22G   0.09459    0.1622   0.02382    0.2806       280       640     0.243    0.3734    0.2616    0.1379    0.0936    0.2421   0.03184
     62/99     5.22G   0.09459    0.1611   0.02371    0.2794        79       640    0.2491    0.3676    0.2607    0.1368   0.09348    0.2415   0.03181
     63/99     5.22G   0.09425    0.1612   0.02405    0.2795       377       640    0.2509    0.3748    0.2625    0.1374   0.09347    0.2415   0.03192
     64/99     5.22G   0.09446    0.1609   0.02383    0.2792       138       640    0.2522    0.3749    0.2624     0.139   0.09348    0.2422   0.03195
     65/99     5.22G   0.09444     0.163   0.02373    0.2812       185       640    0.2512    0.3715    0.2623     0.138   0.09347    0.2419   0.03198
     66/99     5.22G   0.09444    0.1598   0.02371     0.278        72       640    0.2445    0.3722    0.2606    0.1373   0.09347    0.2423    0.0321
     67/99     5.22G   0.09423      0.16   0.02374     0.278       151       640    0.2511    0.3761    0.2634    0.1393   0.09343    0.2417   0.03182
     68/99     5.22G   0.09401    0.1598   0.02354    0.2773        47       640    0.2486    0.3772    0.2611    0.1377   0.09343    0.2424   0.03189
     69/99     5.22G   0.09374    0.1596   0.02356    0.2769       103       640    0.2516    0.3739    0.2612    0.1381   0.09348    0.2426    0.0319
     70/99     5.22G   0.09382    0.1595   0.02346    0.2768        87       640    0.2521    0.3679    0.2615     0.139    0.0934    0.2428   0.03198
     71/99     5.22G   0.09375    0.1601   0.02343    0.2773        41       640    0.2472    0.3702     0.262    0.1392   0.09341    0.2427   0.03197
     72/99     5.22G   0.09357    0.1601   0.02335     0.277       170       640    0.2493    0.3719    0.2631     0.139   0.09344    0.2425   0.03187
     73/99     5.22G   0.09391    0.1605   0.02351    0.2779       104       640    0.2491    0.3741     0.263     0.139   0.09332    0.2421   0.03179
     74/99     5.22G   0.09385     0.159   0.02355    0.2764       168       640    0.2502    0.3729    0.2632    0.1396   0.09333    0.2426   0.03176
     75/99     5.22G   0.09389    0.1601   0.02333    0.2773       168       640    0.2523    0.3751    0.2638    0.1396   0.09334    0.2422   0.03178
     76/99     5.22G   0.09376    0.1602   0.02329    0.2772       127       640     0.252    0.3752    0.2623    0.1391   0.09336    0.2421   0.03183
     77/99     5.22G   0.09335    0.1581   0.02323    0.2747       265       640     0.254    0.3735    0.2639    0.1398    0.0933    0.2419   0.03178
     78/99     5.22G   0.09339    0.1577    0.0232    0.2743        91       640    0.2528    0.3759     0.263      0.14   0.09335     0.242   0.03184
     79/99     5.22G    0.0936    0.1584   0.02324    0.2752       122       640    0.2497    0.3769    0.2632    0.1404   0.09334    0.2421   0.03177
     80/99     5.22G   0.09368    0.1597   0.02325    0.2767       106       640    0.2506    0.3755    0.2634    0.1399   0.09336    0.2425   0.03181
     81/99     5.22G    0.0935    0.1577    0.0231    0.2743       114       640    0.2475    0.3739    0.2646    0.1407   0.09331    0.2427   0.03179
     82/99     5.22G   0.09356     0.161   0.02304    0.2777       179       640    0.2509    0.3748    0.2631    0.1396   0.09334    0.2426    0.0319
     83/99     5.22G   0.09371    0.1586   0.02304    0.2754       218       640    0.2483    0.3762    0.2629    0.1401   0.09333     0.243   0.03192
     84/99     5.22G   0.09375    0.1614   0.02303    0.2782        48       640    0.2484    0.3749    0.2639    0.1408   0.09335     0.243   0.03191
     85/99     5.22G   0.09344    0.1598   0.02302    0.2763        58       640    0.2465    0.3751    0.2653    0.1415   0.09329    0.2428   0.03185
     86/99     5.22G   0.09333    0.1585   0.02297    0.2748       146       640    0.2505    0.3772    0.2646    0.1406   0.09331    0.2429   0.03188
     87/99     5.22G   0.09326    0.1577   0.02295    0.2739       169       640    0.2496     0.378     0.265    0.1401   0.09332     0.243   0.03188
     88/99     5.22G   0.09362    0.1592   0.02295    0.2757       201       640    0.2451    0.3767    0.2647    0.1406   0.09328    0.2432   0.03187
     89/99     5.22G   0.09336    0.1578   0.02294    0.2741        82       640    0.2501    0.3776    0.2649    0.1403   0.09328    0.2434   0.03185
     90/99     5.22G   0.09371    0.1581   0.02301    0.2748       207       640    0.2458    0.3751     0.264    0.1402   0.09325    0.2432   0.03184
     91/99     5.22G    0.0932    0.1566   0.02275    0.2726        84       640    0.2494    0.3806    0.2647    0.1404   0.09326    0.2433   0.03184
     92/99     5.22G   0.09318    0.1575   0.02282    0.2735       417       640    0.2512    0.3822    0.2666    0.1416   0.09326    0.2433   0.03184
     93/99     5.22G   0.09323    0.1571   0.02284    0.2731        96       640    0.2475    0.3779    0.2656    0.1406   0.09324     0.243   0.03185
     94/99     5.22G   0.09307    0.1576    0.0228    0.2735        99       640    0.2472    0.3771    0.2647     0.141   0.09324    0.2432   0.03188
     95/99     5.22G   0.09323    0.1573   0.02279    0.2733       112       640    0.2483    0.3776    0.2643    0.1414   0.09325    0.2435   0.03192
     96/99     5.22G   0.09335     0.158   0.02271    0.2741        67       640    0.2488     0.376    0.2649    0.1416   0.09325    0.2434   0.03192
     97/99     5.22G   0.09339    0.1591   0.02281    0.2753        88       640    0.2498    0.3769    0.2645    0.1412   0.09326    0.2435   0.03188
     98/99     5.22G   0.09325    0.1588    0.0227    0.2747       191       640    0.2473     0.377    0.2641    0.1412   0.09324    0.2436    0.0319
     99/99     5.22G   0.09263    0.1554   0.02258    0.2706        96       640    0.2501    0.3796    0.2645    0.1416   0.09323    0.2436   0.03192
